$ANSIBLE_VAULT;1.1;AES256
64636161346337303762343036396632343932636464343837353762626336326637313237373066
6261346435623830613132663236396364356338653362660a383339613662663036343465323936
33613664623164373936316336336335363463353035333939376461663965663532343138323136
6135303232333639630a333662396439646433313065613262346134646261623765616231323132
35613061323661343664373737353035666164326133373333616364386562366266383339306436
34643861323037396235326436333063343734333039323134646537366639393133343136336230
63663836663237623166343236323031366163633936636261623231343761396436663935653238
63396134666639343865316462333334643435366463646438643438386136366363303765306463
61663332306636666562353165383831626463383631376332646533306262343436333164376433
35306131636663323366343463626434356634313563643337363966656466363165633961336266
32303364306166363033313834643932616161643861343731613537393732343736616537343964
36656530353566313237636438363032653832326136333435386363316363313734376461373563
34666231383537666632376665613465336431303338346139616430316235646230393966383730
65343537303262656362396238353637343563313432613765626439663336643832633734663164
31383134353636623531376263353230613239643334653966326635306233373139326530613330
31653130353931373136623465326265316362366262646163666365623636636332633138366234
34326431333738663064616233376264313836323336346563666132353539316238653534333936
64326466353263393435353737393539623564396535636364393661393666353064613264376436
30663731393430613434663131636266326661383162653736356335353865356439646162663634
64656165303032656334323136383835663464333330613135356239346364353831363464363664
34353065393962623337333830623966633262623434653837613139653262336236323737316563
33346131626232353232623835303361343635373262393166353563636531333064616435333734
36366539353763353632356663633831303835616263626535343230303031313737373961356535
61323838643033373031636338616663663336333530373964316439656331373766373835633837
66653436323535343337623364303931383132353933313035353261396339636530613731613963
64646135663838623531336266643035623632333838356430643631646564333137633865356364
64363137626533343261663131363439353432643562303438343961313862373566323832386433
65653338386331643030643931396134633337376337646135636264306264613233386434303635
64316462636430336237633237376238313235626230366130396162613037363136663733343235
66396635623665326337326165656364376636393463336261646134366432313033333830333866
61346433646430373639386639323462663261336431396339336532343436343563383931346565
30653166356565666133653261393762366639663430343536353738613362333135626635616361
39303638663863316539626531393939303433643530616261376632306232316533653733383339
63646432663836363830373936393662343539663831633038303637313061613136353031653034
36643333346432653433333235656230346438326231636339653137323061323430626266656436
38303432363631663733396432353736653465346565633531643934623261633562366263383232
62663530346334643164343032323139643739326635303337303634656630633739636530323539
65316563616366643737383234353264363439373964636665653730336337313166666333353338
33343032356635316137363435323931303964306262626337303932373736666437623562376636
32333265343933373564356236393131643264306363633639626233323564383861626233626162
38643135633365653031353966376530633634343939653035333131383139306633303338393638
30393335386130353930313037646533313266666564333137326462666639323934666436643762
65356335346339616430333061636664363966383161323438303266356532313832386362356438
62356463666566383163333365396339323535383731656532383239616234346261323936626533
30643438326366303233313136343239333935376465306631633434396362653632616462333033
35646330313264376636663233613864353538393765363564653965396663626536396663323161
33373237383037663530633337653436396339623965666631346562663333316462326164663837
31336539356439323337373565326233336364643239383764353264656531366137356130616632
38633665373337653366366461346334666266366538383131336332643634356266626431316261
64346538653234393763653931373435646137353139613063306164376539666539636234623938
39313263353533366366613230343763616239653963346161313566383938343663333563623737
39393438663532353034353030386465383738303238393331653531653164353839636363356239
66383866386136653039363337363166333762336536343731633433633663396562663730356234
62613632656532366663343062626330373432373539383735333734383134383034303466633130
62623532613163663266313161356332396531356364646137356461653432336366396434383931
36656633653164323764353562636330386633313633303763383933666438326564393762666330
62653230643934386633386264643161366564316364376133653039393462303937346534323866
63353333303261626462613237633738353930623130653632613436336232386138333236313534
65613463393734353436313465353234613134646437366665626163393631363164333761323666
62643264663762303137313465393465333266313431373032623331356536663930306133643338
39363737363839356562356164396462363834336165316464643564393764376433373361663736
61313138636138356231616636356261663231386232623065383532316132633566343033303262
37633664626336623566353932656662653865383165316331393665353639326566363038653366
34653130363932313163383561346334353466323864333366316631616235353634333661373263
33363337393839396363653438366366666562336537633637663261306262356262326565336135
63313030643136326434383565643265633466333661343133643933643334383336373532393834
32643365326463313631643832663539333661633738333461343733313362336230333032623063
36663663376430383034303761383439356562356462313339663239363461636238333035306336
37626362333061613437623032376364396464333637613236616165646231623432353436363666
61363433303332323631643439656439626135646263373431373830333063346161313139386138
33666136656633633162633334336534643862303230346436633061623031363834313766323335
62346231646330663430376237633032633162306339323533373066326236346263303833333661
64303130366335356330366263633233346437613866306636376636663635393430623265316261
35613330333863373937613832613765383336333839346639313332643135653865336231396164
31383939633738306530376530326138636336366238643164303864333338663934323663633537
63316336623132383034326334303530366434666430353838313836653639353739653033636165
63396231393738396262303139353866316533383639633238393734613132626230393733626137
36663632326361363731646465616138646137323832363264613562613037323430303339393835
63636236323462396339663437633233323565373430353439333338333661353739613136383634
32653535636462393665393062623838623265336563623665343861386435663039653634303136
30656131356266636165323163613138333738336139626164313065363636313233393439343564
35653364653863313163383438333539623336653861643236383831373539303865383535336537
63313035333633663562393863616136656538636664343861353431666163323564393833336433
32396638623632613862323762386261333261373139383534366232366163343766393132316362
39343364383063303231353337643733663836623831356665633633353633316461643736643062
65343862383238336236346638313531643234633632616234326438666431333839366463333365
30633934343666376131306233303830383364316164373964633333356637396337613866643431
33346334663963616664663865386230373333616236366237666137633636653532623961396230
64346235356139346261343431383863393239393565643434656436343430363234346330326365
39663239353537353438646235383439356262376137653736373039666363326235633166663737
32376232623336333836313137336237323637643238323336356663613931656635346431323235
64616339626538643066373039386633356539316134363566666461333964333236613866343366
30306361666537666631393366316137333162336232326564353732383465353737643933613333
34323530633865613166343266333439656236386263376537653532396635663035303338303437
37386130626238316237623339326333373437663632346434333436623864326439376438343766
37356535393162373730663435333130343332323833343463363237623662613564663866396131
33343036646163646465313034336266353664346238663761626561643339313663323766613265
62323434326438333131326366666539643336346663393666356165363862343732393732383061
61353737396462383535626134616566353061373262373236333138663963663363623133343939
66326331633566623733373266386430343737393134343961323432613333613031336462653665
38356262383566666461653738356366656438336631356433623362633761393562343764333837
36343137653939356262336635643734303838343535343437333961653732333363656164633062
36626561373336313839653438303066353261356365353433366462366330353966336263633338
38643961353039376432613935383238363765396261636631646562393964626130363261373339
61656461303931326666633666343665383762353661353936393862623966396330383562646163
32623834636561373230333532653464633365393261363366313366343465633561663564343230
62653732646562363038383232373937616163613232663435386566333939356563343131636631
64343765343766343831633631336533643666366232306365636337383862663366636233633937
31396139646535346630633434643837343333666564366363626363633136623539326530333762
38353435323732353834373436303833386663363539613836363562623666653063663535356135
34633735386562616236303733626336376134383464643332333932333930363630333732643362
35353535636663623037656438613563653632616462613334353933333032353038306366343839
66343930346534306239353139363233343461343033613065653965366535313565626164393166
61383130623639626434653238336565393337326632343332386530343133343862666334613930
64313161636339613364336331663537333134663930326266393034643432626337393164623331
34376536353334383761356231643535376230336461336433626132393136643138313634333164
30613133373962653432366539393765386637633837393963656563363538316137653435383661
64353133373135613433613737393833393032353661323861323261363161643630363132313464
33356631376133333238613861656164323666353231656234333163633532323835313931343035
31306665353738636434326533353435623665653866363261363666333632373063303764653761
30393538343230393639623034643566356437656366616334643264363938616530346633333766
30396432373931373031383030663533663365393562303331396261656464393465336436613065
63363831383738346539336264613733356432613239306164323239633431313461303637356264
34353331666162616437393936326232643035623734366633363630303539636666396531356335
63633435363765353763313663636163376361353764633135336134626234333432646238323663
39346661616236376562366439396663633431383835396664303362663264386164356636373830
65326130626333323732393065383662646666633830643863633232393535343162656633636136
61383932356336356531316436643234613032663237633964356337306166656261326433623966
32373232306235663065633766336238323830313233333437656364656466616230316631373637
61653432376564643136353330656530346361643930303235613738386539363936393334623037
35616531313565316337376435663631353865363363393762363762396161316338323936383431
35363263616532353936663831363863626265643564343737633131623732636564396561313366
31373264666534323266363162626639376637653935336232336137633038383165383539373635
3737383633363330376434316564393664613335613932356537
