$ANSIBLE_VAULT;1.1;AES256
66303533376566376563656466666136323037373664623531376166373034363539333638363964
3030623239643664666365363437623766306137333131650a386231616431383164313535386133
31316165363465666632336633623961326338643136373330346564356631323465613034383934
6662373866646639310a643330356537623138616236663931316634393834383566383030386331
62376236653666366665346565633337663065356166326235623437653261366239666230616132
32333463326232326336343638613966663435333736353231623662623666663862376637373862
66643439336334343861376164623662613638373335353563666364353635663638663334646331
62366533326664613832323263313466316566663935646535333462313835343865616562396462
66336530626337613533626163306536653665633466376135313766633230303666346661356463
66376262663437396339306266346363626333393138613531323831346662333239333563633765
61346564373138376231346361626664663336653566636431313539333833383735373962323436
66306133616333333930356230356365643362653236386663346462656566623561616231313263
31313337313662623332313263353839316431623862393639333935376564313431303730313830
34646335303431323161376637623636393366613438313064373034313238366437656534656339
65656563386639353163373363303766656539663233333738366637313635376231613136383462
36306339376439353261396137663837636534343334306132623931623731343566633164366264
30656138393236633930313464346134346235373564366533636234386662653461343035363736
31383966316534303937653465336637333730386138323137666462393765633734626239333063
31333339343238656433656234326665623634623037643166643534323031623861376465393666
39616532376137636438343139386531643530656434343063643539303263613161323333303264
39386565396663303939376633363961613365353835393236313837306233376236353338393038
34386564646464303832646164393737386335653830663633356161323532613833333966383732
32373436363836633734326534303761616535633963333461333732383439303136656430376566
64646535373733386435343135316135623362313032363232343432613766343661333732623530
64323139393939666534333839376635653561656130666434633635353566643762
